0	0
0	0
0	0
0	0
0	0
0	0
0	0
1	1
15	7
55	13
86	17
100	18
102	18
78	17
57	14
21	8
1	1
0	0
0	0
0	0
0	0
0	0
0	0
0	0
0	0
0	0
0	0
0	0
0	0
0	0
0	0
0	0
5	5
12	12
19	19
27	27
28	28
27	27
23	23
11	11
1	1
0	0
0	0
0	0
0	0
0	0
0	0
0	0
0	0
0	0
0	0
0	0
0	0
0	0
0	0
1	1
5	5
11	11
18	18
25	25
27	27
44	44
32	32
9	9
1	1
0	0
0	0
0	0
0	0
0	0
0	0
0	0
0	0
0	0
0	0
0	0
0	0
0	0
0	0
1	1
6	6
14	14
19	19
22	22
19	19
15	15
7	7
3	3
1	1
0	0
0	0
0	0
0	0
0	0
0	0
0	0
0	0
0	0
0	0
0	0
0	0
0	0
0	0
0	0
8	7
35	27
68	34
92	32
99	32
82	30
54	22
21	13
1	1
0	0
0	0
0	0
0	0
0	0
0	0
0	0
0	0
0	0
0	0
0	0
0	0
0	0
0	0
0	0
6	6
11	11
28	28
46	46
43	43
38	38
26	26
6	6
0	0
0	0
0	0
0	0
0	0
0	0
0	0
0	0
0	0
0	0
0	0
0	0
0	0
0	0
0	0
0	0
3	3
11	11
21	21
27	27
22	22
21	21
14	14
6	6
1	1
0	0
0	0
0	0
0	0
0	0
0	0
0	0
0	0
0	0
0	0
0	0
0	0
0	0
0	0
0	0
3	3
5	5
6	6
8	8
9	9
15	15
6	6
3	3
0	0
0	0
0	0
0	0
0	0
0	0
0	0
0	0
0	0
0	0
0	0
0	0
0	0
0	0
0	0
0	0
8	8
31	28
29	29
21	21
18	18
17	17
12	12
5	5
0	0
0	0
0	0
0	0
0	0
0	0
0	0
0	0
0	0
0	0
0	0
0	0
0	0
0	0
0	0
0	0
11	11
32	27
46	46
50	50
89	66
78	43
13	13
6	6
1	1
0	0
0	0
0	0
0	0
0	0
0	0
0	0
0	0
0	0
0	0
0	0
0	0
0	0
0	0
0	0
21	15
40	32
27	27
34	34
31	31
19	19
11	11
5	5
1	1
0	0
0	0
0	0
0	0
0	0
0	0
0	0
0	0
0	0
0	0
0	0
0	0
0	0
0	0
1	1
7	7
17	17
26	26
35	35
38	38
30	30
16	16
8	8
1	1
0	0
0	0
0	0
0	0
0	0
0	0
0	0
0	0
0	0
0	0
0	0
0	0
0	0
0	0
1	1
12	12
19	19
30	30
46	46
37	37
35	35
24	24
9	9
1	1
0	0
0	0
0	0
0	0
0	0
0	0
0	0
0	0
0	0
0	0
0	0
0	0
0	0
0	0
1	1
6	6
19	19
22	22
28	28
36	36
24	24
14	14
6	6
1	1
0	0
0	0
0	0
0	0
0	0
0	0
0	0
0	0
0	0
0	0
0	0
0	0
0	0
0	0
1	1
17	11
70	22
86	37
79	65
33	33
20	20
18	18
12	12
1	1
0	0
0	0
0	0
0	0
0	0
0	0
0	0
0	0
0	0
0	0
0	0
0	0
0	0
0	0
2	2
9	9
15	15
25	25
30	30
29	29
23	23
12	12
5	5
1	1
0	0
0	0
0	0
0	0
0	0
0	0
0	0
0	0
0	0
0	0
0	0
0	0
0	0
0	0
1	1
11	11
37	33
72	55
74	58
56	53
43	43
26	26
5	5
1	1
0	0
0	0
0	0
0	0
0	0
0	0
0	0
0	0
0	0
0	0
0	0
0	0
0	0
0	0
1	1
7	7
11	11
13	13
12	12
15	15
10	10
7	7
2	2
1	1
0	0
0	0
0	0
0	0
0	0
0	0
0	0
0	0
0	0
0	0
0	0
0	0
0	0
0	0
0	0
2	2
5	5
9	9
13	13
14	14
13	13
14	14
4	4
1	1
0	0
0	0
0	0
0	0
0	0
0	0
0	0
0	0
0	0
0	0
0	0
0	0
0	0
0	0
1	1
5	5
14	14
17	17
22	22
35	34
47	41
34	26
32	15
2	2
0	0
0	0
0	0
0	0
0	0
0	0
0	0
0	0
0	0
0	0
0	0
0	0
0	0
0	0
1	1
11	11
29	29
42	41
60	54
52	47
44	40
28	28
12	12
1	1
0	0
0	0
0	0
0	0
0	0
0	0
0	0
0	0
0	0
0	0
0	0
0	0
0	0
0	0
1	1
16	16
32	32
62	61
83	76
122	37
99	28
76	18
39	11
5	1
0	0
0	0
0	0
0	0
0	0
0	0
0	0
0	0
0	0
0	0
0	0
0	0
0	0
0	0
1	1
11	11
18	18
15	15
23	23
23	23
20	20
16	16
7	7
1	1
0	0
0	0
0	0
0	0
0	0
0	0
0	0
0	0
0	0
0	0
0	0
0	0
0	0
0	0
1	1
5	5
12	12
21	21
35	35
30	30
24	24
16	16
8	8
1	1
0	0
0	0
0	0
0	0
0	0
0	0
0	0
0	0
0	0
0	0
0	0
0	0
0	0
0	0
1	1
6	6
14	14
24	24
24	24
23	23
17	17
12	12
6	6
1	1
0	0
0	0
0	0
0	0
0	0
0	0
0	0
0	0
0	0
0	0
0	0
0	0
0	0
0	0
2	2
12	12
29	29
34	34
42	42
51	51
23	23
24	24
12	12
1	1
0	0
0	0
0	0
0	0
0	0
0	0
0	0
0	0
0	0
0	0
0	0
0	0
0	0
0	0
1	1
13	13
36	36
32	32
58	55
72	62
67	58
50	40
17	17
2	2
0	0
0	0
0	0
0	0
0	0
0	0
0	0
0	0
0	0
0	0
0	0
0	0
0	0
0	0
3	3
28	28
53	53
87	76
121	53
112	60
102	50
59	44
32	27
4	4
0	0
0	0
0	0
0	0
0	0
0	0
0	0
0	0
0	0
0	0
0	0
0	0
0	0
0	0
1	1
9	9
19	19
25	25
65	65
53	53
17	17
21	21
13	13
2	2
0	0
0	0
0	0
0	0
0	0
0	0
0	0
0	0
0	0
0	0
0	0
0	0
0	0
0	0
2	2
9	9
22	22
31	31
25	25
32	32
32	32
24	24
10	10
2	2
0	0
0	0
0	0
0	0
0	0
0	0
0	0
0	0
0	0
0	0
0	0
0	0
0	0
0	0
5	5
23	23
46	36
99	45
75	63
124	47
57	37
51	34
37	21
3	3
0	0
0	0
0	0
0	0
0	0
0	0
0	0
0	0
0	0
0	0
0	0
0	0
0	0
0	0
14	8
46	15
72	45
104	32
140	52
101	83
127	50
76	32
24	17
4	4
0	0
0	0
0	0
0	0
0	0
0	0
0	0
0	0
0	0
0	0
0	0
0	0
0	0
0	0
2	2
5	5
12	12
17	17
21	21
31	31
25	25
36	36
34	25
5	4
0	0
0	0
0	0
0	0
0	0
0	0
0	0
0	0
0	0
0	0
0	0
0	0
0	0
0	0
4	4
17	17
46	42
117	60
128	53
132	47
109	54
82	38
43	21
9	6
0	0
0	0
0	0
0	0
0	0
0	0
0	0
0	0
0	0
0	0
0	0
0	0
0	0
0	0
3	3
13	13
26	26
34	34
37	37
51	51
45	45
53	51
21	21
5	5
0	0
0	0
0	0
0	0
0	0
0	0
0	0
0	0
0	0
0	0
0	0
0	0
0	0
0	0
4	4
13	13
23	23
29	29
42	42
49	49
40	40
27	27
12	12
2	2
0	0
0	0
0	0
0	0
0	0
0	0
0	0
0	0
0	0
0	0
0	0
0	0
0	0
0	0
4	4
16	16
34	34
51	51
49	49
57	57
32	32
58	45
55	37
9	9
0	0
0	0
0	0
0	0
0	0
0	0
0	0
0	0
0	0
0	0
0	0
0	0
0	0
0	0
4	4
16	16
28	28
34	34
35	35
39	39
47	47
25	25
10	10
3	3
0	0
0	0
0	0
0	0
0	0
0	0
0	0
0	0
0	0
0	0
0	0
0	0
0	0
0	0
4	4
17	17
53	47
71	59
53	53
41	41
26	26
14	14
12	12
3	3
0	0
0	0
0	0
0	0
0	0
0	0
0	0
0	0
0	0
0	0
0	0
0	0
0	0
0	0
2	2
6	6
18	18
11	11
31	31
48	48
50	50
34	34
17	17
6	6
0	0
0	0
0	0
0	0
0	0
0	0
0	0
0	0
0	0
0	0
0	0
0	0
0	0
0	0
13	9
52	23
92	27
127	46
107	67
109	69
49	47
30	30
13	13
5	5
0	0
0	0
0	0
0	0
0	0
0	0
0	0
0	0
0	0
0	0
0	0
0	0
0	0
0	0
13	10
57	27
85	46
93	69
134	80
83	81
64	63
50	50
35	33
9	9
0	0
0	0
0	0
0	0
0	0
0	0
0	0
0	0
0	0
0	0
0	0
0	0
0	0
0	0
3	3
9	9
16	16
20	20
25	25
14	14
10	10
10	10
7	7
2	2
0	0
0	0
0	0
0	0
0	0
0	0
0	0
0	0
0	0
0	0
0	0
0	0
0	0
0	0
17	9
69	19
98	27
136	54
95	60
114	67
103	64
81	53
29	26
12	11
0	0
0	0
0	0
0	0
0	0
0	0
0	0
0	0
0	0
0	0
0	0
0	0
0	0
0	0
5	5
19	19
21	21
28	28
26	26
37	37
21	21
19	19
23	23
6	6
0	0
0	0
0	0
0	0
0	0
0	0
0	0
0	0
0	0
0	0
0	0
0	0
0	0
0	0
7	7
13	13
34	34
40	40
59	59
70	70
64	63
51	49
67	35
20	13
0	0
0	0
0	0
0	0
0	0
0	0
0	0
0	0
0	0
0	0
0	0
0	0
0	0
0	0
4	4
16	16
43	43
67	67
73	73
68	68
64	64
54	54
33	33
11	11
0	0
0	0
0	0
0	0
0	0
0	0
0	0
0	0
0	0
0	0
0	0
0	0
0	0
0	0
19	13
74	37
128	46
149	45
156	47
119	68
126	53
94	49
52	36
16	12
0	0
0	0
0	0
0	0
0	0
0	0
0	0
0	0
0	0
0	0
0	0
0	0
0	0
0	0
4	4
14	14
37	37
90	77
122	87
81	71
53	47
51	46
26	25
11	11
0	0
0	0
0	0
0	0
0	0
0	0
0	0
0	0
0	0
0	0
0	0
0	0
0	0
0	0
5	5
21	21
24	24
22	22
47	47
36	36
35	35
19	19
11	11
5	5
0	0
0	0
0	0
0	0
0	0
0	0
0	0
0	0
0	0
0	0
0	0
0	0
0	0
0	0
7	7
27	27
57	54
89	79
53	53
53	53
24	24
17	17
12	12
5	5
0	0
0	0
0	0
0	0
0	0
0	0
0	0
0	0
0	0
0	0
0	0
0	0
0	0
0	0
5	5
9	9
14	14
27	27
39	39
33	33
18	18
14	14
8	8
3	3
0	0
0	0
0	0
0	0
0	0
0	0
0	0
0	0
0	0
0	0
0	0
0	0
0	0
0	0
17	15
48	45
65	61
83	68
83	66
79	60
117	64
52	37
30	24
33	15
0	0
0	0
0	0
0	0
0	0
0	0
0	0
0	0
0	0
0	0
0	0
0	0
0	0
1	1
25	25
82	50
98	36
99	64
122	73
91	65
86	70
22	31
25	34
10	15
0	0
0	0
0	0
0	0
0	0
0	0
0	0
0	0
0	0
0	0
0	0
0	0
0	0
1	1
8	8
45	46
78	65
87	81
80	80
69	69
73	73
41	41
8	8
3	3
0	0
0	0
0	0
0	0
0	0
0	0
0	0
0	0
0	0
0	0
0	0
0	0
0	0
2	2
38	15
83	33
126	39
106	81
107	102
70	70
41	41
35	35
17	17
9	9
0	0
0	0
0	0
0	0
0	0
0	0
0	0
0	0
0	0
0	0
0	0
0	0
0	0
1	1
11	11
9	9
54	54
113	79
107	89
70	65
27	27
13	13
18	8
7	7
2	2
0	0
0	0
0	0
0	0
0	0
0	0
0	0
0	0
0	0
0	0
0	0
0	0
1	1
22	22
43	43
45	45
58	58
50	50
69	69
50	50
44	44
32	32
18	18
2	2
0	0
0	0
0	0
0	0
0	0
0	0
0	0
0	0
0	0
0	0
0	0
0	0
3	3
20	16
77	23
150	31
180	31
198	34
199	31
182	29
145	28
95	23
34	13
2	2
0	0
0	0
0	0
0	0
0	0
0	0
0	0
0	0
0	0
0	0
0	0
0	0
6	4
49	21
87	42
122	43
174	45
191	47
195	56
170	54
134	52
58	45
29	25
2	2
0	0
0	0
0	0
0	0
0	0
0	0
0	0
0	0
0	0
0	0
0	0
0	0
4	3
52	17
99	24
148	29
176	48
171	66
171	49
147	54
104	52
79	42
48	20
3	2
0	0
0	0
0	0
0	0
0	0
0	0
0	0
0	0
0	0
0	0
0	0
0	0
4	3
47	17
96	39
136	69
137	95
183	59
190	56
186	49
150	39
94	36
41	21
5	4
0	0
0	0
0	0
0	0
0	0
0	0
0	0
0	0
0	0
0	0
0	0
0	0
6	6
31	27
61	55
108	78
155	72
204	51
187	66
158	79
118	65
71	57
43	30
9	6
0	0
0	0
0	0
0	0
0	0
0	0
0	0
0	0
0	0
0	0
0	0
0	0
3	3
16	16
51	45
86	70
156	82
183	55
163	70
140	92
96	76
52	45
28	26
5	5
0	0
0	0
0	0
0	0
0	0
0	0
0	0
0	0
0	0
0	0
0	0
0	0
4	4
42	21
97	28
117	50
167	76
173	65
228	85
139	67
77	62
15	15
4	4
4	4
0	0
0	0
0	0
0	0
0	0
0	0
0	0
0	0
0	0
0	0
0	0
0	0
9	6
48	20
101	32
139	40
165	48
175	56
158	68
171	60
170	58
110	35
63	32
9	6
0	0
0	0
0	0
0	0
0	0
0	0
0	0
0	0
0	0
0	0
0	0
0	0
11	6
73	25
104	34
145	42
177	46
201	45
216	78
167	97
105	84
84	51
49	24
8	6
0	0
0	0
0	0
0	0
0	0
0	0
0	0
0	0
0	0
0	0
0	0
0	0
5	5
17	17
29	29
65	65
113	100
53	53
29	29
20	20
13	13
14	14
7	7
3	3
0	0
0	0
0	0
0	0
0	0
0	0
0	0
0	0
0	0
0	0
0	0
0	0
10	7
51	27
100	42
146	54
182	63
201	66
204	65
185	62
154	54
107	43
52	27
10	7
0	0
0	0
0	0
0	0
0	0
0	0
0	0
0	0
0	0
0	0
0	0
0	0
11	7
56	23
109	36
152	46
182	53
197	55
206	51
187	54
144	54
92	42
41	21
8	5
0	0
0	0
0	0
0	0
0	0
0	0
0	0
0	0
0	0
0	0
0	0
0	0
15	12
24	22
41	40
78	69
54	49
78	68
117	91
84	64
69	65
51	46
38	28
6	4
0	0
0	0
0	0
0	0
0	0
0	0
0	0
0	0
0	0
0	0
0	0
0	0
10	8
42	33
91	66
133	82
107	85
129	95
70	64
81	70
77	60
62	52
27	25
5	5
0	0
0	0
0	0
0	0
0	0
0	0
0	0
0	0
0	0
0	0
0	0
0	0
5	5
28	26
71	59
151	70
182	76
215	72
217	65
195	63
155	59
101	47
51	29
9	8
0	0
0	0
0	0
0	0
0	0
0	0
0	0
0	0
0	0
0	0
0	0
0	0
10	9
51	39
78	60
147	85
190	76
207	81
182	110
172	104
162	82
105	64
46	35
10	9
0	0
0	0
0	0
0	0
0	0
0	0
0	0
0	0
0	0
0	0
0	0
0	0
10	10
49	31
98	46
149	59
190	62
212	64
190	87
167	78
152	59
105	49
59	31
12	9
0	0
0	0
0	0
0	0
0	0
0	0
0	0
0	0
0	0
0	0
0	0
0	0
14	10
63	31
114	47
162	56
196	63
212	69
210	70
191	64
159	55
106	47
56	29
11	7
0	0
0	0
0	0
0	0
0	0
0	0
0	0
0	0
0	0
0	0
0	0
0	0
10	10
27	27
50	50
81	81
97	97
103	103
84	84
79	79
68	68
32	32
7	7
4	4
0	0
0	0
0	0
0	0
0	0
0	0
0	0
0	0
0	0
0	0
0	0
0	0
13	13
40	37
98	80
142	76
155	67
144	71
199	81
130	86
71	68
46	46
24	24
8	8
0	0
0	0
0	0
0	0
0	0
0	0
0	0
0	0
0	0
0	0
0	0
0	0
18	11
89	27
136	42
168	57
193	55
244	57
241	59
204	56
188	51
144	40
90	27
38	11
0	0
0	0
0	0
0	0
0	0
0	0
0	0
0	0
0	0
0	0
0	0
0	0
20	11
71	27
119	42
158	52
203	50
224	55
226	53
207	51
170	45
121	38
65	28
18	11
0	0
0	0
0	0
0	0
0	0
0	0
0	0
0	0
0	0
0	0
0	0
0	0
22	11
77	23
125	29
173	39
201	45
218	48
217	47
198	47
166	43
113	39
54	26
14	10
0	0
0	0
0	0
0	0
0	0
0	0
0	0
0	0
0	0
0	0
0	0
0	0
20	11
72	24
125	33
175	40
208	46
230	45
233	44
204	46
171	43
131	34
74	24
23	11
0	0
0	0
0	0
0	0
0	0
0	0
0	0
0	0
0	0
0	0
0	0
0	0
24	4
78	12
135	20
181	32
212	58
230	74
223	91
203	96
154	96
79	71
36	34
10	9
0	0
0	0
0	0
0	0
0	0
0	0
0	0
0	0
0	0
0	0
0	0
0	0
10	10
29	29
83	83
119	87
159	94
187	89
257	99
192	101
90	80
91	58
42	36
15	13
0	0
0	0
0	0
0	0
0	0
0	0
0	0
0	0
0	0
0	0
0	0
1	1
30	15
88	30
133	43
168	74
216	54
113	56
118	72
113	85
104	76
75	53
87	39
32	17
1	1
0	0
0	0
0	0
0	0
0	0
0	0
0	0
0	0
0	0
0	0
1	1
20	17
57	31
116	39
199	38
232	41
246	58
235	58
186	52
189	46
148	31
85	25
18	13
1	1
0	0
0	0
0	0
0	0
0	0
0	0
0	0
0	0
0	0
0	0
1	1
15	15
29	26
135	70
102	92
107	96
105	92
136	120
186	115
170	104
93	73
39	35
26	19
1	1
0	0
0	0
0	0
0	0
0	0
0	0
0	0
0	0
0	0
0	0
1	1
16	16
45	42
118	67
187	62
128	102
154	105
178	103
118	90
75	70
69	61
43	37
20	16
2	2
0	0
0	0
0	0
0	0
0	0
0	0
0	0
0	0
0	0
0	0
1	1
17	17
68	51
125	73
173	80
214	86
229	91
234	87
214	81
160	89
119	75
55	44
28	23
2	2
0	0
0	0
0	0
0	0
0	0
0	0
0	0
0	0
0	0
0	0
2	2
17	17
22	22
20	20
80	72
101	83
209	116
137	106
185	105
162	94
97	63
64	45
26	20
1	1
0	0
0	0
0	0
0	0
0	0
0	0
0	0
0	0
0	0
0	0
1	1
18	18
63	55
83	78
131	105
153	115
75	75
51	51
84	84
58	58
39	39
28	28
11	11
0	0
0	0
0	0
0	0
0	0
0	0
0	0
0	0
0	0
0	0
0	0
0	0
6	6
14	14
13	13
15	15
24	24
23	23
38	38
129	129
165	165
92	92
76	76
32	32
0	0
0	0
0	0
0	0
0	0
0	0
0	0
0	0
0	0
0	0
0	0
2	2
52	16
107	28
136	48
164	76
200	73
231	76
204	73
170	80
188	63
146	49
97	32
33	14
3	2
0	0
0	0
0	0
0	0
0	0
0	0
0	0
0	0
0	0
0	0
3	3
54	27
122	42
131	87
169	97
243	65
259	102
250	62
244	59
184	94
159	48
86	57
41	22
4	3
0	0
0	0
0	0
0	0
0	0
0	0
0	0
0	0
0	0
0	0
2	2
20	17
81	81
119	95
136	118
193	134
155	123
159	136
157	108
75	66
62	62
31	31
7	7
2	2
0	0
0	0
0	0
0	0
0	0
0	0
0	0
0	0
0	0
0	0
2	2
10	10
23	23
65	60
97	86
136	114
261	98
256	104
175	125
156	115
126	93
66	60
33	23
4	4
0	0
0	0
0	0
0	0
0	0
0	0
0	0
0	0
0	0
0	0
5	4
47	18
113	24
168	47
156	95
175	106
198	81
262	74
170	62
223	56
143	50
114	37
49	20
7	4
0	0
0	0
0	0
0	0
0	0
0	0
0	0
0	0
0	0
0	0
5	5
30	23
47	47
110	80
107	102
198	121
228	139
183	100
46	46
52	52
50	50
58	44
19	16
4	4
0	0
0	0
0	0
0	0
0	0
0	0
0	0
0	0
0	0
0	0
6	5
42	30
43	43
76	76
107	90
140	120
162	107
207	110
158	94
171	83
139	72
108	44
40	20
7	5
0	0
0	0
0	0
0	0
0	0
0	0
0	0
0	0
0	0
0	0
7	4
35	23
117	25
116	62
188	94
239	63
137	99
218	87
253	64
198	57
177	40
117	34
48	20
3	3
0	0
0	0
0	0
0	0
0	0
0	0
0	0
0	0
0	0
0	0
5	5
38	21
99	57
36	36
59	59
69	69
32	32
27	27
29	29
26	26
16	16
13	13
7	7
1	1
0	0
0	0
0	0
0	0
0	0
0	0
0	0
0	0
0	0
0	0
2	2
10	10
24	24
45	45
34	34
17	17
23	23
49	49
64	64
87	87
76	76
41	41
13	13
1	1
0	0
0	0
0	0
0	0
0	0
0	0
0	0
0	0
0	0
0	0
4	4
26	26
65	62
130	102
107	107
154	138
109	98
129	118
151	131
146	121
132	100
61	52
31	26
3	3
0	0
0	0
0	0
0	0
0	0
0	0
0	0
0	0
0	0
0	0
4	4
17	17
48	46
70	66
91	84
102	89
251	101
229	112
102	84
68	60
43	43
29	29
22	22
5	5
0	0
0	0
0	0
0	0
0	0
0	0
0	0
0	0
0	0
0	0
6	6
43	28
107	47
162	63
205	91
190	116
145	110
109	100
56	56
68	68
45	45
40	40
7	7
1	1
0	0
0	0
0	0
0	0
0	0
0	0
0	0
0	0
0	0
0	0
2	2
10	10
21	21
27	27
41	41
41	41
59	59
126	118
116	106
118	108
131	106
37	37
20	20
5	5
0	0
0	0
0	0
0	0
0	0
0	0
0	0
0	0
0	0
0	0
3	3
9	9
8	8
33	33
74	71
165	144
185	166
198	161
184	117
117	96
130	93
63	55
20	20
6	6
0	0
0	0
0	0
0	0
0	0
0	0
0	0
0	0
0	0
0	0
5	5
22	22
45	44
60	60
44	44
80	76
160	147
141	132
92	92
71	67
80	75
37	37
14	14
1	1
0	0
0	0
0	0
0	0
0	0
0	0
0	0
0	0
0	0
0	0
8	8
34	30
61	54
113	59
113	79
179	106
181	87
216	103
181	87
118	77
128	73
81	42
48	24
12	8
0	0
0	0
0	0
0	0
0	0
0	0
0	0
0	0
0	0
0	0
8	8
35	34
49	45
50	47
161	78
192	92
152	93
177	85
145	96
172	97
171	79
106	47
68	34
10	8
0	0
0	0
0	0
0	0
0	0
0	0
0	0
0	0
0	0
0	0
6	6
48	28
122	42
163	68
152	91
101	95
198	159
137	124
144	131
121	106
85	77
38	38
16	16
2	2
0	0
0	0
0	0
0	0
0	0
0	0
0	0
0	0
0	0
0	0
4	4
22	22
30	30
49	48
122	102
124	91
142	121
133	124
179	123
182	117
73	65
36	36
6	6
7	7
0	0
0	0
0	0
0	0
0	0
0	0
0	0
0	0
0	0
0	0
4	4
18	18
51	50
112	99
143	121
121	101
26	26
167	97
151	83
111	78
136	81
130	49
71	38
5	5
0	0
0	0
0	0
0	0
0	0
0	0
0	0
0	0
0	0
0	0
14	14
53	45
63	53
71	62
146	101
186	131
182	141
235	133
230	114
194	105
85	69
84	55
29	27
9	8
0	0
0	0
0	0
0	0
0	0
0	0
0	0
0	0
0	0
0	0
5	5
36	33
77	64
128	86
169	106
196	121
219	129
199	128
201	115
151	101
123	87
66	54
21	21
9	9
0	0
0	0
0	0
0	0
0	0
0	0
0	0
0	0
0	0
0	0
8	8
40	39
64	61
130	101
154	131
207	143
226	135
158	108
221	109
216	89
161	76
107	62
47	32
11	10
0	0
0	0
0	0
0	0
0	0
0	0
0	0
0	0
0	0
0	0
12	12
54	35
111	56
163	67
217	80
247	96
238	123
221	120
202	129
140	106
67	67
34	34
8	8
1	1
0	0
0	0
0	0
0	0
0	0
0	0
0	0
0	0
0	0
0	0
5	5
51	36
104	80
129	94
101	80
109	91
141	127
112	106
57	57
39	39
41	41
49	49
57	48
15	13
0	0
0	0
0	0
0	0
0	0
0	0
0	0
0	0
0	0
0	0
5	5
18	18
31	31
32	32
26	26
103	96
144	123
158	128
225	142
147	123
138	102
105	66
45	35
13	11
0	0
0	0
0	0
0	0
0	0
0	0
0	0
0	0
0	0
0	0
7	7
18	18
35	35
74	68
109	98
114	106
63	63
109	100
78	73
117	106
105	85
66	58
20	19
13	13
0	0
0	0
0	0
0	0
0	0
0	0
0	0
0	0
0	0
0	0
2	2
4	4
6	6
15	15
20	20
22	22
28	28
25	25
31	31
35	35
28	28
11	11
19	19
4	4
0	0
0	0
0	0
0	0
0	0
0	0
0	0
0	0
0	0
0	0
5	5
22	22
32	32
46	46
87	83
116	110
105	101
151	142
154	134
174	111
104	91
109	79
34	33
12	12
2	2
0	0
0	0
0	0
0	0
0	0
0	0
0	0
0	0
3	3
30	29
51	47
71	63
95	88
173	133
273	44
277	52
219	91
166	86
187	88
166	77
113	49
53	38
14	12
2	2
0	0
0	0
0	0
0	0
0	0
0	0
0	0
0	0
1	1
13	13
86	32
154	34
210	39
254	32
290	26
305	29
291	52
193	89
173	83
124	69
65	58
73	35
30	14
2	2
0	0
0	0
0	0
0	0
0	0
0	0
0	0
0	0
1	1
12	13
52	32
68	33
123	44
126	40
118	24
222	30
152	53
141	91
125	85
116	69
115	58
91	33
23	13
2	2
0	0
0	0
0	0
0	0
0	0
0	0
0	0
0	0
3	2
17	12
81	37
144	50
124	90
79	80
163	95
128	116
133	126
93	117
87	102
85	70
86	50
25	25
7	7
1	1
0	0
0	0
0	0
0	0
0	0
0	0
0	0
0	0
1	1
24	20
65	44
106	56
151	95
222	75
173	148
170	126
216	131
193	85
185	74
83	81
81	59
41	18
10	4
3	1
0	0
0	0
0	0
0	0
0	0
0	0
0	0
0	0
1	1
22	22
34	34
45	45
65	65
49	49
63	63
53	49
73	68
96	86
121	106
97	87
66	40
88	36
28	16
2	2
0	0
0	0
0	0
0	0
0	0
0	0
0	0
0	0
1	1
7	7
21	21
36	36
51	51
44	44
41	41
62	58
108	100
55	52
44	44
107	87
63	54
43	37
11	11
2	2
0	0
0	0
0	0
0	0
0	0
0	0
0	0
0	0
2	2
7	7
13	13
39	38
72	67
99	93
120	113
81	78
39	39
42	42
152	115
190	91
151	58
116	38
48	20
6	4
0	0
0	0
0	0
0	0
0	0
0	0
0	0
0	0
4	3
28	27
88	76
156	73
216	65
206	64
243	90
110	99
149	130
129	119
129	103
110	81
119	64
71	40
29	23
5	4
0	0
0	0
0	0
0	0
0	0
0	0
0	0
0	0
3	3
14	13
90	25
161	34
216	37
259	42
291	46
256	64
303	57
293	46
256	51
203	46
161	31
96	29
38	22
3	2
0	0
0	0
0	0
0	0
0	0
0	0
0	0
0	0
3	3
19	17
89	30
154	41
212	56
236	78
279	79
269	91
274	109
258	114
229	118
159	98
122	78
88	59
35	25
4	4
0	0
0	0
0	0
0	0
0	0
0	0
0	0
0	0
4	4
25	25
73	50
120	72
149	82
214	89
213	113
226	134
240	138
141	122
160	108
186	84
130	72
80	55
29	25
4	4
0	0
0	0
0	0
0	0
0	0
0	0
0	0
0	0
4	4
22	22
86	41
160	40
208	44
261	46
294	49
309	55
311	52
292	46
258	45
213	43
157	38
98	29
40	17
4	3
0	0
0	0
0	0
0	0
0	0
0	0
0	0
0	0
4	3
16	15
94	24
163	30
212	32
259	38
294	41
313	51
268	104
291	86
247	66
222	52
161	48
100	40
31	20
5	4
0	0
0	0
0	0
0	0
0	0
0	0
0	0
0	0
3	2
18	17
43	41
51	48
35	35
52	50
60	57
157	138
132	121
129	120
143	119
135	104
126	65
52	42
18	18
4	4
0	0
0	0
0	0
0	0
0	0
0	0
0	0
0	0
5	5
23	22
79	51
139	76
167	88
217	112
253	115
292	100
299	114
225	109
173	98
117	95
109	86
66	50
31	27
4	4
0	0
0	0
0	0
0	0
0	0
0	0
0	0
0	0
3	2
9	8
15	14
19	18
28	27
53	50
103	96
85	77
109	99
100	94
180	114
171	96
121	65
84	54
38	23
7	5
0	0
0	0
0	0
0	0
0	0
0	0
0	0
0	0
8	6
23	21
89	65
73	66
123	86
112	105
232	163
158	141
227	173
249	85
264	42
198	46
109	40
27	13
69	35
6	5
0	0
0	0
0	0
0	0
0	0
0	0
0	0
0	0
3	3
14	14
18	18
28	28
67	67
132	122
132	112
182	151
130	112
208	108
120	78
120	69
114	69
83	43
27	18
7	5
0	0
0	0
0	0
0	0
0	0
0	0
0	0
0	0
8	5
21	15
100	22
166	27
207	53
253	83
249	105
245	153
220	149
254	129
165	126
147	102
23	23
4	4
10	10
3	3
0	0
0	0
0	0
0	0
0	0
0	0
0	0
0	0
4	4
29	28
100	48
113	79
170	104
209	97
218	126
286	100
112	112
18	17
64	59
211	88
155	57
36	31
13	12
8	8
0	0
0	0
0	0
0	0
0	0
0	0
0	0
0	0
5	5
32	27
40	39
77	70
112	93
180	99
256	97
158	110
135	119
140	122
147	126
178	108
104	93
64	54
49	27
10	7
0	0
0	0
0	0
0	0
0	0
0	0
0	0
0	0
7	5
33	20
97	34
158	46
208	63
215	121
268	124
254	107
228	131
182	126
208	114
189	96
124	66
72	51
43	34
11	8
0	0
0	0
0	0
0	0
0	0
0	0
0	0
0	0
6	5
37	12
98	37
157	48
212	56
256	61
287	67
308	67
302	66
287	57
160	51
211	53
151	53
98	37
43	22
5	4
0	0
0	0
0	0
0	0
0	0
0	0
0	0
0	0
7	7
41	28
107	46
149	59
217	62
249	85
264	109
287	90
269	67
300	50
253	72
210	68
130	67
43	40
22	22
5	5
0	0
0	0
0	0
0	0
0	0
0	0
0	0
0	0
3	3
11	11
42	42
32	32
20	20
12	12
13	13
22	22
39	39
62	59
77	74
76	71
122	104
56	48
25	23
6	5
0	0
0	0
0	0
0	0
0	0
0	0
0	0
0	0
11	7
29	25
64	59
107	96
125	116
153	141
125	118
126	117
60	60
147	138
145	128
119	108
124	74
22	22
10	10
3	3
0	0
0	0
0	0
0	0
0	0
0	0
0	0
0	0
3	3
7	7
10	10
17	17
38	38
48	48
48	48
66	66
80	80
54	54
45	45
39	39
27	27
19	19
9	9
3	3
0	0
0	0
0	0
0	0
0	0
0	0
0	0
0	0
9	9
23	23
59	53
66	60
70	64
168	125
85	85
65	65
74	74
52	52
53	53
36	36
33	33
23	23
12	12
5	5
0	0
0	0
0	0
0	0
0	0
0	0
0	0
0	0
3	3
14	14
33	33
22	22
40	40
73	73
47	47
44	44
67	67
61	61
45	45
29	29
25	25
35	35
9	9
2	2
0	0
0	0
0	0
0	0
0	0
0	0
0	0
0	0
2	2
13	13
37	36
97	84
111	100
175	128
202	128
193	116
243	132
237	109
191	101
158	84
132	72
55	45
57	24
12	7
0	0
0	0
0	0
0	0
0	0
0	0
0	0
0	0
12	8
46	27
109	44
175	35
184	56
177	96
185	123
138	130
179	124
88	83
91	85
67	67
32	32
63	52
57	26
9	6
0	0
0	0
0	0
0	0
0	0
0	0
0	0
0	0
5	5
19	19
52	50
82	78
152	128
133	117
117	97
259	154
201	150
177	135
74	68
80	64
122	67
42	36
35	32
7	7
0	0
0	0
0	0
0	0
0	0
0	0
0	0
0	0
11	9
46	29
106	40
164	48
218	47
267	50
298	56
312	57
310	57
297	57
263	57
221	54
161	50
108	38
52	24
12	9
0	0
0	0
0	0
0	0
0	0
0	0
0	0
0	0
12	8
55	23
111	36
168	45
215	49
265	54
296	57
310	58
309	62
286	74
251	78
205	75
145	66
91	48
56	31
15	11
0	0
0	0
0	0
0	0
0	0
0	0
0	0
0	0
6	6
26	23
37	33
130	62
209	62
265	43
295	45
310	45
306	51
287	54
256	57
213	55
157	48
106	34
54	20
13	7
0	0
0	0
0	0
0	0
0	0
0	0
0	0
0	0
4	4
15	15
51	48
87	77
134	106
212	104
293	98
263	119
249	111
234	109
226	110
185	89
137	68
101	57
46	29
10	8
0	0
0	0
0	0
0	0
0	0
0	0
0	0
0	0
5	5
19	19
45	43
116	101
213	64
259	81
244	168
223	168
163	136
105	96
141	109
190	120
107	78
95	51
40	25
9	8
0	0
0	0
0	0
0	0
0	0
0	0
0	0
0	0
6	5
11	10
32	30
28	26
58	54
68	64
102	96
120	112
142	130
203	158
205	110
209	68
162	44
106	33
51	21
10	6
0	0
0	0
0	0
0	0
0	0
0	0
0	0
0	0
5	5
19	19
38	38
54	51
75	70
104	97
146	137
179	145
100	100
105	96
169	144
117	106
67	63
54	54
25	25
6	6
0	0
0	0
0	0
0	0
0	0
0	0
0	0
0	0
5	5
15	15
33	30
63	58
81	74
137	128
133	124
126	117
134	124
83	77
157	143
136	123
66	66
39	39
34	29
7	7
0	0
0	0
0	0
0	0
0	0
0	0
0	0
0	0
11	8
33	26
97	74
78	66
59	59
115	96
152	130
192	168
194	162
169	128
103	103
98	83
48	48
37	37
35	26
14	8
0	0
0	0
0	0
0	0
0	0
0	0
0	0
0	0
12	9
56	22
109	34
171	36
219	38
265	44
293	51
311	50
314	43
298	43
262	49
220	45
172	41
114	34
57	23
12	8
0	0
0	0
0	0
0	0
0	0
0	0
0	0
0	0
15	9
57	19
115	26
170	31
211	32
261	35
290	36
306	39
304	41
290	37
259	37
218	36
166	29
114	25
57	17
14	7
0	0
0	0
0	0
0	0
0	0
0	0
0	0
0	0
14	7
56	15
118	21
174	28
220	32
258	35
285	38
305	39
306	37
290	34
261	31
221	30
171	28
114	23
57	17
10	6
0	0
0	0
0	0
0	0
0	0
0	0
0	0
0	0
12	11
36	31
107	54
155	82
170	115
235	83
307	48
325	46
323	48
307	68
271	77
212	76
139	61
80	48
33	24
6	4
0	0
0	0
0	0
0	0
0	0
0	0
0	0
0	0
12	9
44	28
95	50
169	67
198	82
236	119
311	98
239	121
203	124
215	125
196	117
193	92
115	58
120	60
61	37
14	10
0	0
0	0
0	0
0	0
0	0
0	0
0	0
0	0
12	9
53	24
97	37
162	48
210	54
270	69
279	104
283	106
269	118
226	112
207	88
197	90
170	72
89	47
37	27
6	6
0	0
0	0
0	0
0	0
0	0
0	0
0	0
0	0
4	4
12	12
30	28
144	56
201	62
191	85
239	121
256	105
152	117
144	111
64	64
68	68
83	70
41	41
20	20
3	3
0	0
0	0
0	0
0	0
0	0
0	0
0	0
0	0
8	8
18	18
39	39
78	75
101	94
91	87
50	50
75	71
129	116
241	121
144	77
12	12
22	22
25	25
15	15
2	2
0	0
0	0
0	0
0	0
0	0
0	0
0	0
0	0
8	8
32	32
40	39
75	69
192	102
237	106
283	103
100	96
281	107
260	111
225	98
201	84
152	61
100	42
45	24
12	9
0	0
0	0
0	0
0	0
0	0
0	0
0	0
0	0
12	10
50	26
73	39
152	55
212	68
212	97
207	113
265	106
194	99
214	97
202	92
101	59
124	48
100	41
49	28
12	9
0	0
0	0
0	0
0	0
0	0
0	0
0	0
0	0
14	10
61	30
134	53
185	49
233	49
274	54
307	57
318	71
250	82
285	90
260	92
183	84
168	70
112	47
58	30
10	7
0	0
0	0
0	0
0	0
0	0
0	0
0	0
0	0
15	10
59	30
105	47
165	57
197	36
232	81
230	104
222	121
246	118
176	113
178	107
128	88
87	62
84	52
40	30
6	5
0	0
0	0
0	0
0	0
0	0
0	0
0	0
0	0
11	7
54	25
110	41
153	50
212	52
255	62
277	69
300	69
308	86
294	89
258	63
198	66
154	67
99	50
40	35
7	6
0	0
0	0
0	0
0	0
0	0
0	0
0	0
0	0
12	9
45	29
89	52
127	77
176	102
170	113
196	101
165	136
146	125
150	130
76	76
27	27
21	21
34	31
21	20
12	9
0	0
0	0
0	0
0	0
0	0
0	0
0	0
0	0
8	8
24	24
104	47
149	81
130	95
79	74
150	118
181	131
216	117
221	114
175	106
79	66
77	62
70	50
37	26
8	8
0	0
0	0
0	0
0	0
0	0
0	0
0	0
0	0
5	5
22	22
51	51
106	90
176	113
219	106
274	105
296	93
284	95
268	76
225	66
195	71
167	47
111	33
53	22
12	8
0	0
0	0
0	0
0	0
0	0
0	0
0	0
0	0
12	9
52	25
106	39
161	51
212	63
257	68
307	107
228	107
241	103
265	99
237	91
210	68
159	57
102	41
45	24
9	7
0	0
0	0
0	0
0	0
0	0
0	0
0	0
0	0
13	8
56	19
112	29
168	38
217	48
256	63
287	66
303	66
300	64
280	63
245	71
204	61
151	60
95	41
39	26
9	8
0	0
0	0
0	0
0	0
0	0
0	0
0	0
0	0
14	9
59	23
116	36
171	48
223	50
266	58
295	56
310	53
313	47
295	43
263	41
217	37
166	34
111	29
53	22
11	8
0	0
0	0
0	0
0	0
0	0
0	0
0	0
0	0
5	5
26	22
104	39
160	46
194	55
235	67
218	90
186	107
208	110
136	113
170	105
176	81
120	66
58	44
33	30
6	5
0	0
0	0
0	0
0	0
0	0
0	0
0	0
0	0
10	8
48	23
102	35
154	46
196	52
247	60
271	67
288	71
285	85
266	96
207	110
173	106
137	73
87	49
35	27
8	8
0	0
0	0
0	0
0	0
0	0
0	0
0	0
0	0
11	11
35	32
68	49
106	72
117	78
34	33
92	86
153	136
58	55
172	130
244	83
218	77
130	73
70	55
42	26
12	11
0	0
0	0
0	0
0	0
0	0
0	0
0	0
0	0
10	7
44	24
68	50
41	19
25	25
51	50
103	96
80	67
177	84
205	119
208	116
108	71
85	62
75	56
36	28
7	8
0	0
0	0
0	0
0	0
0	0
0	0
0	0
0	0
4	6
20	20
85	61
97	77
77	74
93	86
99	93
144	132
168	134
68	65
147	122
132	107
76	69
105	70
51	31
6	6
0	0
0	0
0	0
0	0
0	0
0	0
0	0
0	0
3	5
21	21
59	56
88	82
94	87
77	72
96	90
130	121
125	118
155	124
196	143
132	106
129	99
91	57
40	31
7	7
0	0
0	0
0	0
0	0
0	0
0	0
0	0
0	0
10	9
43	30
97	51
155	67
208	82
229	85
270	102
288	107
286	134
248	133
226	136
168	115
125	73
67	51
29	28
12	12
0	0
0	0
0	0
0	0
0	0
0	0
0	0
0	0
8	8
29	26
82	61
136	95
174	105
235	126
272	11
256	142
247	130
244	110
256	79
211	71
145	54
97	39
50	29
8	7
0	0
0	0
0	0
0	0
0	0
0	0
0	0
0	0
9	7
48	31
91	53
148	57
193	64
248	71
284	68
290	83
254	114
222	94
256	64
210	54
160	51
109	38
47	22
7	6
0	0
0	0
0	0
0	0
0	0
0	0
0	0
0	0
6	6
23	21
49	45
53	49
33	31
101	86
100	86
178	153
231	159
272	149
101	86
139	94
136	86
104	75
38	31
3	2
0	0
0	0
0	0
0	0
0	0
0	0
0	0
0	0
6	6
22	22
64	57
139	81
170	119
109	89
147	114
160	126
118	118
176	157
116	107
139	120
135	80
74	53
15	15
3	3
0	0
0	0
0	0
0	0
0	0
0	0
0	0
0	0
5	5
25	25
41	41
53	53
71	71
89	88
113	112
103	103
137	135
121	120
82	82
63	63
64	64
97	61
41	27
6	6
0	0
0	0
0	0
0	0
0	0
0	0
0	0
0	0
2	2
7	7
12	12
43	43
86	84
111	102
185	145
179	157
218	129
281	105
200	91
135	90
46	46
49	41
25	25
2	2
0	0
0	0
0	0
0	0
0	0
0	0
0	0
0	0
4	4
20	20
46	41
131	62
204	83
256	70
185	140
161	126
127	118
52	52
45	44
14	14
28	28
44	31
21	18
8	4
0	0
0	0
0	0
0	0
0	0
0	0
0	0
0	0
4	4
26	23
51	48
116	98
175	110
200	81
150	119
179	149
259	176
213	118
59	50
96	67
95	66
38	38
34	24
15	10
0	0
0	0
0	0
0	0
0	0
0	0
0	0
0	0
4	4
20	20
43	43
103	85
205	82
262	125
299	52
291	95
248	108
171	83
35	35
72	72
96	86
113	60
40	21
6	6
0	0
0	0
0	0
0	0
0	0
0	0
0	0
0	0
5	5
36	30
43	43
70	70
142	117
101	101
122	111
106	106
97	97
95	95
59	59
58	56
76	70
44	44
9	9
5	5
0	0
0	0
0	0
0	0
0	0
0	0
0	0
0	0
5	5
51	31
97	60
106	87
130	122
147	125
182	149
206	145
257	130
175	132
133	110
118	100
75	66
82	58
27	19
9	8
0	0
0	0
0	0
0	0
0	0
0	0
0	0
0	0
8	8
51	17
105	34
118	71
146	83
109	98
106	94
135	112
123	112
194	132
185	103
57	52
65	59
43	39
16	16
3	3
0	0
0	0
0	0
0	0
0	0
0	0
0	0
0	0
3	3
23	23
47	43
104	66
192	67
165	86
169	91
222	96
220	139
119	81
156	108
109	91
76	66
31	31
10	10
1	1
0	0
0	0
0	0
0	0
0	0
0	0
0	0
0	0
3	3
15	15
31	31
47	47
39	39
34	34
42	42
60	60
97	90
127	114
103	89
140	105
121	58
69	69
17	17
3	3
0	0
0	0
0	0
0	0
0	0
0	0
0	0
0	0
2	2
13	13
36	36
83	45
148	36
158	32
102	39
180	56
176	135
138	121
120	98
64	64
79	59
75	65
16	16
0	0
0	0
0	0
0	0
0	0
0	0
0	0
0	0
0	0
1	1
9	9
48	45
86	74
123	98
187	115
72	67
83	77
59	56
57	54
110	101
32	32
42	42
42	38
3	3
1	1
0	0
0	0
0	0
0	0
0	0
0	0
0	0
0	0
1	1
18	18
59	51
105	79
161	115
139	126
193	150
221	142
108	96
201	128
111	86
80	70
44	40
59	43
34	22
5	5
0	0
0	0
0	0
0	0
0	0
0	0
0	0
0	0
3	3
21	19
89	50
124	84
165	115
153	119
160	134
222	147
236	114
246	99
164	81
127	77
115	61
90	48
38	22
6	5
0	0
0	0
0	0
0	0
0	0
0	0
0	0
0	0
5	5
35	23
93	44
123	79
75	75
108	70
89	89
106	106
150	122
117	105
104	95
125	102
74	55
68	53
16	16
3	3
0	0
0	0
0	0
0	0
0	0
0	0
0	0
0	0
1	1
8	8
18	18
26	26
36	36
51	51
66	66
98	98
105	104
85	85
73	73
56	56
65	60
37	36
26	22
3	3
0	0
0	0
0	0
0	0
0	0
0	0
0	0
0	0
0	0
7	7
18	18
34	34
54	54
76	76
93	93
102	102
141	141
244	125
230	108
180	100
113	69
73	55
28	23
3	2
0	0
0	0
0	0
0	0
0	0
0	0
0	0
0	0
3	3
28	22
79	50
139	75
186	76
224	97
243	117
235	128
207	128
191	119
208	99
178	89
109	68
48	43
20	18
3	3
0	0
0	0
0	0
0	0
0	0
0	0
0	0
0	0
1	1
20	20
67	47
90	73
117	100
207	121
241	110
220	130
139	117
42	42
8	8
41	41
48	48
17	17
9	9
1	1
0	0
0	0
0	0
0	0
0	0
0	0
0	0
0	0
0	0
4	4
17	17
35	35
77	77
78	73
161	143
191	171
140	128
251	137
220	100
171	84
115	72
17	17
10	10
4	4
0	0
0	0
0	0
0	0
0	0
0	0
0	0
0	0
3	2
24	19
55	40
97	89
115	112
93	95
103	105
168	167
116	117
187	165
105	101
138	105
100	78
42	38
13	13
1	1
0	0
0	0
0	0
0	0
0	0
0	0
0	0
0	0
2	2
10	10
18	18
68	68
87	85
91	91
122	117
219	158
227	121
196	124
120	114
153	90
98	69
43	43
22	20
2	2
0	0
0	0
0	0
0	0
0	0
0	0
0	0
0	0
1	1
6	6
34	34
89	82
125	114
166	135
192	158
187	161
236	134
215	130
116	111
148	103
158	60
73	24
25	18
4	3
0	0
0	0
0	0
0	0
0	0
0	0
0	0
0	0
4	4
37	15
88	25
146	36
176	39
239	46
266	50
279	61
281	60
230	99
91	90
84	82
50	50
21	21
7	7
2	2
0	0
0	0
0	0
0	0
0	0
0	0
0	0
0	0
2	2
18	18
53	49
117	49
203	42
142	86
246	102
269	85
152	94
230	102
252	56
203	59
119	46
92	28
35	3
3	1
0	0
0	0
0	0
0	0
0	0
0	0
0	0
0	0
1	1
29	14
89	24
153	28
203	33
241	42
284	36
301	40
300	41
276	38
239	46
200	33
145	28
88	23
29	13
2	1
0	0
0	0
0	0
0	0
0	0
0	0
0	0
0	0
1	1
29	13
86	22
145	27
188	29
241	34
269	37
289	36
288	35
270	34
237	41
186	42
102	37
81	16
26	12
0	1
0	0
0	0
0	0
0	0
0	0
0	0
0	0
0	0
1	1
29	12
78	24
135	31
178	33
226	43
252	50
218	94
183	153
110	110
74	73
58	50
56	54
9	9
3	1
1	1
0	0
0	0
0	0
0	0
0	0
0	0
0	0
0	0
2	1
17	15
73	32
129	43
181	49
224	48
254	53
267	56
266	56
254	50
220	47
178	43
125	38
72	27
22	13
1	1
0	0
0	0
0	0
0	0
0	0
0	0
0	0
0	0
1	1
19	15
73	32
132	43
185	50
227	58
254	70
263	79
256	82
233	82
206	72
164	62
112	48
61	30
17	11
0	0
0	0
0	0
0	0
0	0
0	0
0	0
0	0
0	0
2	1
18	15
73	33
131	42
159	42
218	60
247	75
269	73
259	84
248	81
214	68
160	58
108	49
57	29
14	17
0	0
0	0
0	0
0	0
0	0
0	0
0	0
0	0
0	0
1	1
15	14
62	35
119	51
159	57
214	72
240	82
257	81
251	87
230	85
210	72
160	64
109	48
52	31
13	11
0	0
0	0
0	0
0	0
0	0
0	0
0	0
0	0
0	0
1	1
15	14
70	31
130	44
182	51
230	57
252	73
237	92
274	95
259	89
222	74
175	62
119	58
43	28
9	8
0	0
0	0
0	0
0	0
0	0
0	0
0	0
0	0
0	0
1	1
15	14
58	36
121	73
141	69
187	84
228	88
237	96
229	103
216	95
188	86
150	68
102	54
54	34
9	8
1	0
0	0
0	0
0	0
0	0
0	0
0	0
0	0
0	0
0	0
11	11
29	29
101	70
108	75
197	88
235	91
248	97
217	110
185	103
193	96
149	78
20	19
6	6
2	2
0	0
0	0
0	0
0	0
0	0
0	0
0	0
0	0
0	0
0	0
2	2
14	14
33	33
61	61
163	141
234	150
249	156
249	137
233	121
191	107
165	85
108	64
52	40
13	13
0	0
0	0
0	0
0	0
0	0
0	0
0	0
0	0
0	0
0	0
12	12
44	44
95	78
145	99
182	114
243	128
199	132
159	123
195	125
176	128
140	98
94	68
49	38
10	10
0	0
0	0
0	0
0	0
0	0
0	0
0	0
0	0
0	0
0	0
11	11
61	39
120	63
159	68
221	77
253	80
249	86
254	86
241	73
216	66
167	65
111	52
56	32
15	10
0	0
0	0
0	0
0	0
0	0
0	0
0	0
0	0
0	0
0	0
17	10
67	25
122	40
160	50
215	57
250	58
265	61
254	85
214	110
127	102
97	87
52	52
19	19
9	9
0	0
0	0
0	0
0	0
0	0
0	0
0	0
0	0
0	0
0	0
12	10
49	35
101	60
137	73
188	99
215	129
188	123
202	123
228	116
196	95
137	87
93	64
50	33
12	8
0	0
0	0
0	0
0	0
0	0
0	0
0	0
0	0
0	0
0	0
16	16
40	39
65	60
147	111
131	122
178	148
223	118
208	118
200	112
82	80
90	82
38	38
37	32
9	9
0	0
0	0
0	0
0	0
0	0
0	0
0	0
0	0
0	0
0	0
11	8
45	36
83	73
77	67
133	98
205	90
213	93
204	120
158	104
166	91
108	75
54	48
19	18
4	3
0	0
0	0
0	0
0	0
0	0
0	0
0	0
0	0
0	0
0	0
9	8
51	27
110	41
166	52
207	66
243	70
262	65
255	73
242	68
207	64
158	57
101	45
46	27
10	7
0	0
0	0
0	0
0	0
0	0
0	0
0	0
0	0
0	0
0	0
8	8
48	30
102	51
157	64
204	73
236	81
249	87
241	92
216	89
178	89
134	74
83	51
35	24
6	5
0	0
0	0
0	0
0	0
0	0
0	0
0	0
0	0
0	0
0	0
4	4
32	32
52	52
29	29
87	82
37	37
71	71
87	87
90	90
82	82
37	37
19	19
11	11
2	2
0	0
0	0
0	0
0	0
0	0
0	0
0	0
0	0
0	0
0	0
6	6
37	37
50	50
60	60
107	107
187	153
87	71
104	104
93	93
95	80
177	111
65	54
11	11
4	4
0	0
0	0
0	0
0	0
0	0
0	0
0	0
0	0
0	0
0	0
1	1
18	18
27	27
35	35
65	65
85	85
85	85
128	128
116	115
88	88
62	62
29	29
11	11
4	4
0	0
0	0
0	0
0	0
0	0
0	0
0	0
0	0
0	0
0	0
3	3
40	33
87	69
66	66
94	94
86	86
155	127
113	108
56	56
38	38
19	19
53	48
45	33
11	6
0	0
0	0
0	0
0	0
0	0
0	0
0	0
0	0
0	0
0	0
4	4
52	20
112	30
151	57
170	86
240	61
237	100
206	98
209	106
79	70
36	36
28	28
33	31
9	7
0	0
0	0
0	0
0	0
0	0
0	0
0	0
0	0
0	0
0	0
6	6
35	29
89	49
158	77
222	48
248	38
264	35
265	34
248	34
215	37
170	33
113	32
54	20
9	5
0	0
0	0
0	0
0	0
0	0
0	0
0	0
0	0
0	0
0	0
7	6
58	22
111	32
166	37
207	48
240	39
265	35
266	32
249	31
208	34
168	26
115	19
53	13
7	3
0	0
0	0
0	0
0	0
0	0
0	0
0	0
0	0
0	0
0	0
7	6
56	17
112	23
165	28
210	29
243	27
233	22
250	27
237	30
203	28
157	25
106	21
47	14
6	4
0	0
0	0
0	0
0	0
0	0
0	0
0	0
0	0
0	0
0	0
6	5
47	20
104	28
143	30
200	38
233	40
249	41
250	40
233	40
203	34
168	31
103	27
40	16
4	3
0	0
0	0
0	0
0	0
0	0
0	0
0	0
0	0
0	0
0	0
5	5
24	24
58	54
95	80
134	93
113	104
63	63
79	79
122	99
202	58
154	41
100	32
44	20
6	4
0	0
0	0
0	0
0	0
0	0
0	0
0	0
0	0
0	0
0	0
5	4
36	24
83	42
140	55
186	61
215	66
232	67
228	70
202	72
177	67
137	57
84	42
34	22
5	4
0	0
0	0
0	0
0	0
0	0
0	0
0	0
0	0
0	0
0	0
4	4
32	22
85	41
138	52
181	62
209	72
229	68
231	65
212	62
184	58
138	50
89	37
37	21
4	4
0	0
0	0
0	0
0	0
0	0
0	0
0	0
0	0
0	0
0	0
4	4
32	22
80	41
116	60
146	75
186	99
153	107
139	119
135	117
114	104
89	79
46	42
23	20
4	4
0	0
0	0
0	0
0	0
0	0
0	0
0	0
0	0
0	0
0	0
3	3
35	19
45	46
101	86
140	98
102	100
65	65
47	47
81	81
68	68
62	62
48	48
14	14
3	3
0	0
0	0
0	0
0	0
0	0
0	0
0	0
0	0
0	0
0	0
1	1
5	5
12	12
113	93
163	117
182	129
106	102
110	104
168	125
87	84
88	80
54	49
20	20
3	3
0	0
0	0
0	0
0	0
0	0
0	0
0	0
0	0
0	0
0	0
1	1
31	19
91	32
147	38
192	47
226	50
240	56
244	52
226	49
192	42
149	36
92	30
34	16
3	3
0	0
0	0
0	0
0	0
0	0
0	0
0	0
0	0
0	0
0	0
1	1
33	16
87	27
141	34
188	40
221	44
244	43
243	45
226	42
191	39
145	35
91	27
33	15
1	1
0	0
0	0
0	0
0	0
0	0
0	0
0	0
0	0
0	0
0	0
3	3
17	18
78	53
107	72
98	90
152	113
140	112
111	87
210	133
184	71
107	51
34	29
19	14
1	1
0	0
0	0
0	0
0	0
0	0
0	0
0	0
0	0
0	0
0	0
1	1
21	19
72	55
124	52
170	51
199	59
213	63
218	61
204	59
172	52
130	42
73	30
18	12
2	2
0	0
0	0
0	0
0	0
0	0
0	0
0	0
0	0
0	0
0	0
1	1
19	19
64	42
128	48
175	55
200	64
217	73
224	77
188	91
143	96
94	60
59	44
17	17
1	1
0	0
0	0
0	0
0	0
0	0
0	0
0	0
0	0
0	0
0	0
1	1
12	13
68	34
136	34
143	76
188	96
187	73
181	75
228	79
173	57
98	57
46	41
16	16
1	1
0	0
0	0
0	0
0	0
0	0
0	0
0	0
0	0
0	0
0	0
2	2
17	17
32	32
61	61
90	90
140	125
131	122
95	94
116	96
48	48
25	25
16	16
16	15
2	2
0	0
0	0
0	0
0	0
0	0
0	0
0	0
0	0
0	0
0	0
0	0
7	7
42	38
97	69
150	64
188	77
194	75
229	50
212	60
132	57
135	40
69	36
29	15
1	1
0	0
0	0
0	0
0	0
0	0
0	0
0	0
0	0
0	0
0	0
0	0
25	12
33	32
51	51
129	68
95	75
94	90
111	103
103	88
136	87
95	70
38	33
15	15
1	1
0	0
0	0
0	0
0	0
0	0
0	0
0	0
0	0
0	0
0	0
0	0
14	14
27	27
56	52
194	75
72	72
12	12
12	12
14	14
12	12
54	54
58	49
13	13
0	0
0	0
0	0
0	0
0	0
0	0
0	0
0	0
0	0
0	0
0	0
0	0
5	5
48	39
79	66
87	78
87	59
220	108
158	106
92	73
99	63
40	39
64	36
8	8
0	0
0	0
0	0
0	0
0	0
0	0
0	0
0	0
0	0
0	0
0	0
1	1
22	13
78	35
131	58
150	92
176	130
105	101
147	120
165	92
38	38
11	11
3	3
2	2
0	0
0	0
0	0
0	0
0	0
0	0
0	0
0	0
0	0
0	0
0	0
0	0
13	13
59	51
114	104
133	118
169	128
183	142
190	151
129	119
54	54
29	29
31	31
6	6
0	0
0	0
0	0
0	0
0	0
0	0
0	0
0	0
0	0
0	0
0	0
0	0
10	1
39	22
125	19
162	30
194	47
201	69
194	80
213	41
106	80
71	58
37	33
8	8
0	0
0	0
0	0
0	0
0	0
0	0
0	0
0	0
0	0
0	0
0	0
0	0
15	11
63	33
126	75
147	73
171	141
154	118
223	81
191	63
162	59
101	42
60	34
12	10
0	0
0	0
0	0
0	0
0	0
0	0
0	0
0	0
0	0
0	0
0	0
0	0
4	4
27	27
90	64
166	46
198	56
212	72
149	96
125	88
114	89
63	63
21	21
3	3
0	0
0	0
0	0
0	0
0	0
0	0
0	0
0	0
0	0
0	0
0	0
0	0
10	10
38	38
65	63
80	69
162	114
173	106
171	114
145	100
98	92
73	70
37	32
7	7
0	0
0	0
0	0
0	0
0	0
0	0
0	0
0	0
0	0
0	0
0	0
0	0
6	6
25	25
23	23
31	31
42	42
28	28
21	21
22	22
19	19
28	28
13	13
5	5
0	0
0	0
0	0
0	0
0	0
0	0
0	0
0	0
0	0
0	0
0	0
0	0
4	4
21	21
51	46
154	43
178	60
181	83
183	63
171	52
81	41
77	56
50	22
11	9
0	0
0	0
0	0
0	0
0	0
0	0
0	0
0	0
0	0
0	0
0	0
0	0
1	1
13	13
62	42
132	78
148	80
134	80
120	59
113	98
90	70
52	47
31	27
7	7
0	0
0	0
0	0
0	0
0	0
0	0
0	0
0	0
0	0
0	0
0	0
0	0
7	7
19	19
42	40
89	76
135	106
156	98
123	94
159	92
108	61
81	47
65	39
7	7
0	0
0	0
0	0
0	0
0	0
0	0
0	0
0	0
0	0
0	0
0	0
0	0
9	6
48	24
101	38
146	46
182	52
205	51
170	63
138	80
139	52
92	42
46	24
9	6
0	0
0	0
0	0
0	0
0	0
0	0
0	0
0	0
0	0
0	0
0	0
0	0
7	7
34	34
76	58
91	60
91	88
80	80
115	103
97	80
73	65
44	43
19	19
3	3
0	0
0	0
0	0
0	0
0	0
0	0
0	0
0	0
0	0
0	0
0	0
0	0
7	7
33	30
82	49
151	37
187	32
200	35
184	46
186	37
131	38
72	58
39	31
4	4
0	0
0	0
0	0
0	0
0	0
0	0
0	0
0	0
0	0
0	0
0	0
0	0
7	6
40	21
105	29
142	30
184	32
200	34
200	34
182	34
151	34
100	28
36	17
6	5
0	0
0	0
0	0
0	0
0	0
0	0
0	0
0	0
0	0
0	0
0	0
0	0
1	1
13	13
53	52
80	77
135	98
123	110
90	90
140	107
109	80
92	59
21	20
3	3
0	0
0	0
0	0
0	0
0	0
0	0
0	0
0	0
0	0
0	0
0	0
0	0
3	3
14	14
19	19
31	31
45	45
58	58
64	64
105	105
61	61
50	50
20	20
4	4
0	0
0	0
0	0
0	0
0	0
0	0
0	0
0	0
0	0
0	0
0	0
0	0
1	1
7	7
25	25
78	73
114	109
147	137
166	115
104	92
66	65
69	63
27	27
4	4
0	0
0	0
0	0
0	0
0	0
0	0
0	0
0	0
0	0
0	0
0	0
0	0
2	2
14	14
33	33
53	53
142	142
94	94
100	100
85	85
90	81
54	53
23	23
3	3
0	0
0	0
0	0
0	0
0	0
0	0
0	0
0	0
0	0
0	0
0	0
0	0
3	3
31	31
56	56
73	73
107	107
150	108
184	93
171	84
139	76
83	52
30	27
1	1
0	0
0	0
0	0
0	0
0	0
0	0
0	0
0	0
0	0
0	0
0	0
0	0
1	1
18	18
67	67
63	95
117	100
136	117
86	79
58	58
21	21
10	10
3	3
0	0
0	0
0	0
0	0
0	0
0	0
0	0
0	0
0	0
0	0
0	0
0	0
0	0
1	1
26	24
78	48
113	51
177	42
199	56
177	81
167	64
150	46
100	43
42	17
3	3
0	0
0	0
0	0
0	0
0	0
0	0
0	0
0	0
0	0
0	0
0	0
0	0
3	3
31	26
68	54
69	69
58	58
64	64
44	44
61	61
28	28
14	14
6	6
2	2
0	0
0	0
0	0
0	0
0	0
0	0
0	0
0	0
0	0
0	0
0	0
0	0
2	2
18	18
37	37
54	54
33	33
67	67
36	36
27	27
27	27
17	17
16	16
1	1
0	0
0	0
0	0
0	0
0	0
0	0
0	0
0	0
0	0
0	0
0	0
0	0
0	0
12	12
38	68
44	58
61	58
65	64
152	41
108	61
79	28
49	14
18	18
1	1
0	0
0	0
0	0
0	0
0	0
0	0
0	0
0	0
0	0
0	0
0	0
0	0
1	1
18	18
25	25
34	34
46	46
88	88
59	59
89	89
25	25
14	14
3	3
3	3
0	0
0	0
0	0
0	0
0	0
0	0
0	0
0	0
0	0
0	0
0	0
0	0
1	1
26	19
75	43
79	71
142	74
101	70
86	57
68	67
42	30
24	24
27	20
3	2
0	0
0	0
0	0
0	0
0	0
0	0
0	0
0	0
0	0
0	0
0	0
0	0
3	1
34	11
86	18
135	30
137	83
172	61
177	60
74	50
56	35
51	34
36	11
2	2
0	0
0	0
0	0
0	0
0	0
0	0
0	0
0	0
0	0
0	0
0	0
0	0
4	2
35	17
82	22
134	25
81	49
147	79
142	118
106	86
69	69
18	18
5	5
2	2
0	0
0	0
0	0
0	0
0	0
0	0
0	0
0	0
0	0
0	0
0	0
0	0
0	0
6	6
27	27
77	60
149	53
144	77
142	81
94	79
51	51
28	28
10	10
0	0
0	0
0	0
0	0
0	0
0	0
0	0
0	0
0	0
0	0
0	0
0	0
0	0
0	0
18	11
67	25
95	51
93	66
139	82
146	81
139	49
110	46
106	33
29	12
2	2
0	0
0	0
0	0
0	0
0	0
0	0
0	0
0	0
0	0
0	0
0	0
0	0
1	1
25	10
75	21
120	26
159	36
150	83
169	62
114	92
68	64
47	41
21	16
1	1
0	0
0	0
0	0
0	0
0	0
0	0
0	0
0	0
0	0
0	0
0	0
0	0
0	0
18	15
70	30
116	43
132	71
109	75
106	69
95	64
79	56
47	39
26	16
2	2
0	0
0	0
0	0
0	0
0	0
0	0
0	0
0	0
0	0
0	0
0	0
0	0
2	2
24	16
47	41
73	69
118	67
148	76
173	73
143	66
67	51
73	36
29	20
0	0
0	0
0	0
0	0
0	0
0	0
0	0
0	0
0	0
0	0
0	0
0	0
0	0
0	0
10	9
59	20
112	24
146	28
160	30
158	33
146	32
111	29
64	24
21	11
1	1
0	0
0	0
0	0
0	0
0	0
0	0
0	0
0	0
0	0
0	0
0	0
0	0
0	0
39	8
65	17
112	23
145	26
164	27
165	26
146	25
112	24
67	19
21	9
1	1
0	0
0	0
0	0
0	0
0	0
0	0
0	0
0	0
0	0
0	0
0	0
0	0
0	0
16	9
62	21
109	29
145	33
161	35
162	35
145	31
115	25
71	19
20	9
0	0
0	0
0	0
0	0
0	0
0	0
0	0
0	0
0	0
0	0
0	0
0	0
0	0
0	0
15	11
56	26
108	37
143	43
155	44
153	47
140	43
106	36
47	25
18	16
0	0
0	0
0	0
0	0
0	0
0	0
0	0
0	0
0	0
0	0
0	0
0	0
0	0
0	0
6	6
27	27
39	42
59	61
86	89
116	87
105	80
68	57
46	39
16	16
0	0
0	0
0	0
0	0
0	0
0	0
0	0
0	0
0	0
0	0
0	0
0	0
0	0
0	0
11	10
48	24
148	33
122	40
134	44
146	44
127	42
96	32
47	22
14	10
0	0
0	0
0	0
0	0
0	0
0	0
0	0
0	0
0	0
0	0
0	0
0	0
0	0
0	0
11	10
43	33
87	55
125	49
149	45
132	46
56	53
107	61
60	35
13	9
0	0
0	0
0	0
0	0
0	0
0	0
0	0
0	0
0	0
0	0
0	0
0	0
0	0
0	0
10	10
28	26
102	56
125	49
108	80
70	70
120	72
75	53
35	31
11	11
0	0
0	0
0	0
0	0
0	0
0	0
0	0
0	0
0	0
0	0
0	0
0	0
0	0
0	0
9	9
38	36
76	68
110	82
123	75
96	69
104	60
88	38
36	20
7	7
0	0
0	0
0	0
0	0
0	0
0	0
0	0
0	0
0	0
0	0
0	0
0	0
0	0
0	0
8	8
23	23
85	61
104	51
132	53
137	60
121	54
81	48
41	30
9	9
0	0
0	0
0	0
0	0
0	0
0	0
0	0
0	0
0	0
0	0
0	0
0	0
0	0
0	0
2	2
12	12
61	56
49	49
33	34
35	35
20	20
48	43
43	33
5	5
0	0
0	0
0	0
0	0
0	0
0	0
0	0
0	0
0	0
0	0
0	0
0	0
0	0
0	0
2	2
27	27
22	22
41	41
82	73
83	65
44	45
25	24
3	3
4	4
0	0
0	0
0	0
0	0
0	0
0	0
0	0
0	0
0	0
0	0
0	0
0	0
0	0
0	0
8	5
49	17
61	41
110	44
132	66
103	67
54	52
81	26
47	17
12	7
0	0
0	0
0	0
0	0
0	0
0	0
0	0
0	0
0	0
0	0
0	0
0	0
0	0
0	0
7	5
40	26
45	44
56	56
58	58
57	57
50	50
17	17
5	5
1	1
0	0
0	0
0	0
0	0
0	0
0	0
0	0
0	0
0	0
0	0
0	0
0	0
0	0
0	0
4	4
20	18
47	46
85	70
119	76
100	68
94	71
33	33
11	11
3	3
0	0
0	0
0	0
0	0
0	0
0	0
0	0
0	0
0	0
0	0
0	0
0	0
0	0
0	0
9	5
49	19
122	25
120	34
130	54
141	58
55	52
81	48
25	24
4	4
0	0
0	0
0	0
0	0
0	0
0	0
0	0
0	0
0	0
0	0
0	0
0	0
0	0
0	0
2	2
8	8
18	18
27	27
28	28
28	28
29	29
19	19
10	10
4	4
0	0
0	0
0	0
0	0
0	0
0	0
0	0
0	0
0	0
0	0
0	0
0	0
0	0
0	0
2	2
13	13
33	33
50	50
115	77
86	75
74	41
105	42
57	24
8	4
0	0
0	0
0	0
0	0
0	0
0	0
0	0
0	0
0	0
0	0
0	0
0	0
0	0
0	0
7	4
25	23
92	41
132	62
106	77
112	61
69	64
39	39
18	18
3	3
0	0
0	0
0	0
0	0
0	0
0	0
0	0
0	0
0	0
0	0
0	0
0	0
0	0
0	0
3	3
18	18
25	25
42	42
36	36
45	43
43	38
30	28
16	14
4	4
0	0
0	0
0	0
0	0
0	0
0	0
0	0
0	0
0	0
0	0
0	0
0	0
0	0
0	0
0	0
5	5
28	28
13	13
43	43
74	54
55	52
33	35
11	11
2	2
0	0
0	0
0	0
0	0
0	0
0	0
0	0
0	0
0	0
0	0
0	0
0	0
0	0
0	0
0	0
7	7
18	18
30	30
23	23
19	19
40	40
30	28
6	6
2	2
0	0
0	0
0	0
0	0
0	0
0	0
0	0
0	0
0	0
0	0
0	0
0	0
0	0
0	0
1	1
27	28
44	45
35	35
42	42
116	74
69	53
40	39
7	7
1	1
0	0
0	0
0	0
0	0
0	0
0	0
0	0
0	0
0	0
0	0
0	0
0	0
0	0
0	0
3	3
32	15
71	25
100	29
112	32
115	33
104	29
76	22
37	15
4	3
0	0
0	0
0	0
0	0
0	0
0	0
0	0
0	0
0	0
0	0
0	0
0	0
0	0
0	0
5	3
36	21
80	43
117	48
134	42
133	31
117	27
83	22
39	14
4	3
0	0
0	0
0	0
0	0
0	0
0	0
0	0
0	0
0	0
0	0
0	0
0	0
0	0
0	0
3	3
23	23
55	49
67	36
118	33
123	37
115	52
28	28
7	7
1	1
0	0
0	0
0	0
0	0
0	0
0	0
0	0
0	0
0	0
0	0
0	0
0	0
0	0
0	0
4	2
29	14
60	24
89	30
139	30
138	30
100	29
64	25
31	15
3	3
0	0
0	0
0	0
0	0
0	0
0	0
0	0
0	0
0	0
0	0
0	0
0	0
0	0
0	0
4	2
30	13
71	21
102	26
121	27
123	26
108	25
69	22
29	15
3	3
0	0
0	0
0	0
0	0
0	0
0	0
0	0
0	0
0	0
0	0
0	0
0	0
0	0
0	0
3	2
32	16
75	30
108	47
110	51
121	56
94	43
89	33
21	15
2	2
0	0
0	0
0	0
0	0
0	0
0	0
0	0
0	0
0	0
0	0
0	0
0	0
0	0
0	0
0	0
7	7
18	18
27	27
31	31
36	36
32	32
20	20
7	7
0	0
0	0
0	0
0	0
0	0
0	0
0	0
0	0
0	0
0	0
0	0
0	0
0	0
0	0
0	0
0	0
4	4
15	15
36	36
38	38
39	39
27	27
34	34
15	15
6	6
0	0
0	0
0	0
0	0
0	0
0	0
0	0
0	0
0	0
0	0
0	0
0	0
0	0
0	0
0	0
1	1
9	9
22	22
24	24
29	29
28	28
13	13
8	8
6	6
0	0
0	0
0	0
0	0
0	0
0	0
0	0
0	0
0	0
0	0
0	0
0	0
0	0
0	0
4	2
25	13
72	22
101	29
101	43
104	50
79	43
47	22
30	11
2	2
0	0
0	0
0	0
0	0
0	0
0	0
0	0
0	0
0	0
0	0
0	0
0	0
0	0
0	0
1	1
15	15
45	34
80	45
101	46
111	36
102	35
49	27
34	16
1	1
0	0
0	0
0	0
0	0
0	0
0	0
0	0
0	0
0	0
0	0
0	0
0	0
0	0
0	0
1	1
8	8
20	20
30	30
23	23
18	18
15	15
9	9
5	5
1	1
0	0
0	0
0	0
0	0
0	0
0	0
0	0
0	0
0	0
0	0
0	0
0	0
0	0
0	0
0	0
1	1
26	19
99	35
32	32
49	48
82	46
60	26
11	11
1	1
0	0
0	0
0	0
0	0
0	0
0	0
0	0
0	0
0	0
0	0
0	0
0	0
0	0
0	0
0	0
18	17
27	27
38	38
31	31
24	24
31	31
22	22
2	2
0	0
0	0
0	0
0	0
0	0
0	0
0	0
0	0
0	0
0	0
0	0
0	0
0	0
0	0
0	0
0	0
6	6
25	25
46	46
54	49
154	63
60	45
19	19
6	6
0	0
0	0
0	0
0	0
0	0
0	0
0	0
0	0
0	0
0	0
0	0
0	0
0	0
0	0
0	0
1	1
21	12
64	24
94	30
110	36
113	31
97	27
65	22
24	13
2	2
0	0
0	0
0	0
0	0
0	0
0	0
0	0
0	0
0	0
0	0
0	0
0	0
0	0
0	0
1	1
15	15
23	23
33	33
30	30
26	26
17	17
8	8
2	2
0	0
0	0
0	0
0	0
0	0
0	0
0	0
0	0
0	0
0	0
0	0
0	0
0	0
0	0
0	0
1	1
5	5
4	4
6	6
7	7
16	16
17	17
8	8
3	3
1	1
0	0
0	0
0	0
0	0
0	0
0	0
0	0
0	0
0	0
0	0
0	0
0	0
0	0
0	0
1	1
4	4
10	10
12	12
14	14
13	13
10	10
6	6
2	2
0	0
0	0
0	0
0	0
0	0
0	0
0	0
0	0
0	0
0	0
0	0
0	0
0	0
0	0
0	0
0	0
8	8
28	28
33	33
16	16
28	28
21	21
12	12
3	3
0	0
0	0
0	0
0	0
0	0
0	0
0	0
0	0
0	0
0	0
0	0
0	0
0	0
0	0
0	0
0	0
2	2
8	8
10	10
22	22
32	32
16	16
15	15
5	5
0	0
0	0
0	0
0	0
0	0
0	0
0	0
0	0
0	0
0	0
0	0
0	0
0	0
0	0
0	0
0	0
10	10
29	29
29	29
46	45
25	25
18	18
5	5
4	4
0	0
0	0
0	0
0	0
0	0
0	0
0	0
0	0
0	0
0	0
0	0
0	0
0	0
0	0
0	0
0	0
16	10
56	24
96	29
110	30
107	30
80	31
41	27
12	12
1	1
0	0
0	0
0	0
0	0
0	0
0	0
0	0
0	0
0	0
0	0
0	0
0	0
0	0
0	0
1	1
23	13
79	29
125	30
133	30
118	25
81	25
60	22
20	9
1	1
0	0
0	0
0	0
0	0
0	0
0	0
0	0
0	0
0	0
0	0
0	0
0	0
0	0
0	0
2	2
20	14
45	36
77	54
89	58
54	54
30	30
13	13
6	6
1	1
0	0
0	0
0	0
0	0
0	0
0	0
0	0
0	0
0	0
0	0
0	0
0	0
0	0
0	0
0	0
8	8
46	32
65	36
52	47
31	32
27	27
44	25
20	14
0	0
0	0
0	0
0	0
0	0
0	0
0	0
0	0
0	0
0	0
0	0
0	0
0	0
0	0
0	0
0	0
4	4
24	24
53	40
37	37
42	40
15	15
24	24
1	1
0	0
0	0
0	0
0	0
0	0
0	0
0	0
0	0
0	0
0	0
0	0
0	0
0	0
0	0
0	0
0	0
3	3
9	9
18	18
24	24
9	9
6	6
8	8
4	4
0	0
0	0
0	0
0	0
0	0
0	0
0	0
0	0
0	0
0	0
0	0
0	0
0	0
0	0
0	0
0	0
12	9
50	21
81	28
101	30
102	29
94	38
68	39
18	12
0	0
0	0
0	0
0	0
0	0
0	0
0	0
0	0
0	0
0	0
0	0
0	0
0	0
0	0
0	0
0	0
5	5
14	14
25	25
40	40
27	27
16	16
12	12
3	3
0	0
0	0
0	0
0	0
0	0
0	0
0	0
0	0
0	0
0	0
0	0
0	0
0	0
0	0
0	0
0	0
13	11
49	17
69	27
46	46
47	34
65	28
37	28
7	7
0	0
0	0
0	0
0	0
0	0
0	0
0	0
0	0
0	0
0	0
0	0
0	0
0	0
0	0
0	0
0	0
12	10
62	37
69	37
100	21
104	22
86	24
36	30
12	12
0	0
0	0
0	0
0	0
0	0
0	0
0	0
0	0
0	0
0	0
0	0
0	0
0	0
0	0
0	0
1	1
11	8
43	21
88	34
74	55
44	44
68	49
28	25
14	14
0	0
0	0
0	0
0	0
0	0
0	0
0	0
0	0
0	0
0	0
0	0
0	0
0	0
0	0
0	0
0	0
4	4
10	10
20	20
25	25
16	16
12	12
8	8
2	2
0	0
0	0
0	0
0	0
0	0
0	0
0	0
0	0
0	0
0	0
0	0
0	0
0	0
0	0
0	0
0	0
5	5
9	9
13	13
22	22
15	15
10	10
14	14
3	3
0	0
0	0
0	0
0	0
0	0
0	0
0	0
0	0
0	0
0	0
0	0
0	0
0	0
0	0
0	0
0	0
5	5
13	13
28	28
47	47
45	45
27	27
14	14
4	4
0	0
0	0
0	0
0	0
0	0
0	0
0	0
0	0
0	0
0	0
0	0
0	0
0	0
0	0
0	0
0	0
3	3
14	14
15	15
28	28
17	17
15	15
7	7
3	3
0	0
0	0
0	0
0	0
0	0
0	0
0	0
0	0
0	0
0	0
0	0
0	0
0	0
0	0
0	0
0	0
6	6
16	16
15	15
30	30
33	33
26	26
11	11
2	2
0	0
0	0
0	0
0	0
0	0
0	0
0	0
0	0
0	0
0	0
0	0
0	0
0	0
0	0
0	0
0	0
2	2
9	9
18	18
21	21
28	28
38	38
14	14
4	4
0	0
0	0
0	0
0	0
0	0
0	0
0	0
0	0
0	0
0	0
0	0
0	0
0	0
0	0
0	0
0	0
4	4
20	20
36	36
34	34
27	27
22	22
13	13
3	3
0	0
0	0
0	0
0	0
0	0
0	0
0	0
0	0
0	0
0	0
0	0
0	0
0	0
0	0
0	0
0	0
6	5
5	5
10	10
13	13
16	16
13	13
7	7
2	2
0	0
0	0
0	0
0	0
0	0
0	0
0	0
0	0
0	0
0	0
0	0
0	0
0	0
0	0
0	0
0	0
22	20
37	35
53	50
88	47
87	49
57	41
52	43
16	8
1	0
0	0
0	0
0	0
0	0
0	0
0	0
0	0
0	0
0	0
0	0
0	0
0	0
0	0
0	0
1	1
12	12
29	29
37	37
44	44
40	40
27	27
22	22
9	9
1	1
0	0
0	0
0	0
0	0
0	0
0	0
0	0
0	0
0	0
0	0
0	0
0	0
0	0
0	0
1	1
3	3
14	14
24	24
30	30
25	25
23	23
15	15
4	4
1	1
0	0
0	0
0	0
0	0
0	0
0	0
0	0
0	0
0	0
0	0
0	0
0	0
0	0
0	0
0	0
3	3
11	11
22	22
27	27
23	23
27	27
13	13
17	17
1	1
0	0
0	0
0	0
0	0
0	0
0	0
0	0
